-6.984062296551813e-005
-0.000210126219142963
-0.0004376291313731439
-0.0007795348713744134
-0.001258760428689323
-0.001882057040712662
-0.002629037356027812
-0.003438156752814737
-0.0039522367752739
-0.004011285588344103
-0.003418119585846113
-0.001853658903020657
0.001013648170700713
0.005475770272943706
0.0117380684693692
0.01986380890343586
0.02932213800586294
0.03980196345557347
0.05097379908194324
0.06209864247581146
0.07233651550593619
0.08084497193945521
0.08686706328322118
0.08983151146703784
0.08983151146703784
0.08686706328322118
0.08084497193945521
0.07233651550593619
0.06209864247581146
0.05097379908194324
0.03980196345557347
0.02932213800586294
0.01986380890343586
0.0117380684693692
0.005475770272943706
0.001013648170700713
-0.001853658903020657
-0.003418119585846113
-0.004011285588344103
-0.0039522367752739
-0.003438156752814737
-0.002629037356027812
-0.001882057040712662
-0.001258760428689323
-0.0007795348713744134
-0.0004376291313731439
-0.000210126219142963
-6.984062296551813e-005
