2.067320630500821e-05
5.865164081149919e-05
0.0001316469253033699
0.0002496265995392321
0.0004189595467133151
0.0006368248273915028
0.000886697542974155
0.001135255704608779
0.001331925256926697
0.001412366982228631
0.001306287088986066
0.0009494003102246234
0.00029797575052553
-0.0006564490351346329
-0.001875317356641596
-0.003267749946358291
-0.004694185634996564
-0.005980465670918148
-0.00694160437282624
-0.007412284179667769
-0.007279160225951529
-0.006508647988233409
-0.00516375266709074
-0.003404814029535814
-0.001471664484953091
0.0003517862135051595
0.001785531082672789
0.002605671533993957
0.002690639785052415
0.002051166556524363
0.0008361164567299091
-0.0006893642365573064
-0.002191291246653865
-0.003332022022112023
-0.003840695661632715
-0.00357411703829686
-0.002554071691207825
-0.0009710924030780559
0.00084864438897897
0.002508653301469726
0.00362739556249065
0.003925631729789731
0.003296231020062492
0.00183925285196902
-0.0001482001464760332
-0.002228240035820885
-0.003914849197874867
-0.004784033789586409
-0.004577084133386139
-0.003272344053281942
-0.00110642792131384
0.001463776855365257
0.003853712685727671
0.005480557928512867
0.005901634939327833
0.004929792156046427
0.002696772749596234
-0.0003543525475240416
-0.003551276880281751
-0.00613531257473541
-0.007435830630633238
-0.007037381741498985
-0.004899303441950788
-0.001395707893074401
0.002739967918085034
0.006560426970162038
0.009112920825797391
0.009666536180175401
0.007906305896537912
0.004045608667782071
-0.001176552290807032
-0.006622734565580554
-0.01098989642619697
-0.01310301848986906
-0.01220679525313307
-0.008187751602063835
-0.001669191467119336
0.006054763371432511
0.01324646837361047
0.01807782763932623
0.01904271485105695
0.0153437089920537
0.007166682918768297
-0.004226087957197768
-0.01662044598874621
-0.0271855869466883
-0.03296876477123603
-0.03146191378380037
-0.02113237897733302
-0.00181072179827454
0.025148836129359
0.05697915474780905
0.08987490363296258
0.1195726906220245
0.142036624058211
0.154126502493412
0.154126502493412
0.142036624058211
0.1195726906220245
0.08987490363296258
0.05697915474780905
0.025148836129359
-0.00181072179827454
-0.02113237897733302
-0.03146191378380037
-0.03296876477123603
-0.0271855869466883
-0.01662044598874621
-0.004226087957197768
0.007166682918768297
0.0153437089920537
0.01904271485105695
0.01807782763932623
0.01324646837361047
0.006054763371432511
-0.001669191467119336
-0.008187751602063835
-0.01220679525313307
-0.01310301848986906
-0.01098989642619697
-0.006622734565580554
-0.001176552290807032
0.004045608667782071
0.007906305896537912
0.009666536180175401
0.009112920825797391
0.006560426970162038
0.002739967918085034
-0.001395707893074401
-0.004899303441950788
-0.007037381741498985
-0.007435830630633238
-0.00613531257473541
-0.003551276880281751
-0.0003543525475240416
0.002696772749596234
0.004929792156046427
0.005901634939327833
0.005480557928512867
0.003853712685727671
0.001463776855365257
-0.00110642792131384
-0.003272344053281942
-0.004577084133386139
-0.004784033789586409
-0.003914849197874867
-0.002228240035820885
-0.0001482001464760332
0.00183925285196902
0.003296231020062492
0.003925631729789731
0.00362739556249065
0.002508653301469726
0.00084864438897897
-0.0009710924030780559
-0.002554071691207825
-0.00357411703829686
-0.003840695661632715
-0.003332022022112023
-0.002191291246653865
-0.0006893642365573064
0.0008361164567299091
0.002051166556524363
0.002690639785052415
0.002605671533993957
0.001785531082672789
0.0003517862135051595
-0.001471664484953091
-0.003404814029535814
-0.00516375266709074
-0.006508647988233409
-0.007279160225951529
-0.007412284179667769
-0.00694160437282624
-0.005980465670918148
-0.004694185634996564
-0.003267749946358291
-0.001875317356641596
-0.0006564490351346329
0.00029797575052553
0.0009494003102246234
0.001306287088986066
0.001412366982228631
0.001331925256926697
0.001135255704608779
0.000886697542974155
0.0006368248273915028
0.0004189595467133151
0.0002496265995392321
0.0001316469253033699
5.865164081149919e-05
2.067320630500821e-05
