2.63507415296108e-005
8.951550667083162e-005
0.0001992439743296514
0.0003255425746705276
0.0003804652984107197
0.0002144224159378976
-0.0003517536391768155
-0.001455158257215244
-0.003096567381747239
-0.005062533836374657
-0.006912652501321453
-0.00806755423615697
-0.007995110503095206
-0.006441180770550997
-0.003610498165490995
-0.0001981026621204166
0.002784080104039523
0.004356557984589907
0.003976567757425483
0.001822766933632322
-0.001193772311445928
-0.003744776819740015
-0.004631617766174525
-0.003340915979472479
-0.0003461718696378692
0.00302371299788567
0.005141784514343346
0.004847633315537725
0.002068095925407271
-0.002032042624588967
-0.005501787285994975
-0.006503459707562997
-0.004258808487305348
0.0004337497368866888
0.005426723268128836
0.008169841104268058
0.006976903492549159
0.002000673194124465
-0.004622542981849356
-0.009636112682219972
-0.01021402159390947
-0.005484763951047611
0.002762722939156905
0.0106606688515377
0.013998413959912
0.01036924102550785
0.0006776024799046762
-0.01085420293458501
-0.01839019510542092
-0.01726620813731917
-0.006596720999490961
0.009639206608756851
0.02380386346589083
0.02784921263167987
0.01733358947814772
-0.005603676571260141
-0.03186197120610939
-0.04813475008616021
-0.04197749897952796
-0.007243280615510488
0.05240974545834099
0.1236006042750175
0.187159763604058
0.2245848417228134
0.2245848417228134
0.187159763604058
0.1236006042750175
0.05240974545834099
-0.007243280615510488
-0.04197749897952796
-0.04813475008616021
-0.03186197120610939
-0.005603676571260141
0.01733358947814772
0.02784921263167987
0.02380386346589083
0.009639206608756851
-0.006596720999490961
-0.01726620813731917
-0.01839019510542092
-0.01085420293458501
0.0006776024799046762
0.01036924102550785
0.013998413959912
0.0106606688515377
0.002762722939156905
-0.005484763951047611
-0.01021402159390947
-0.009636112682219972
-0.004622542981849356
0.002000673194124465
0.006976903492549159
0.008169841104268058
0.005426723268128836
0.0004337497368866888
-0.004258808487305348
-0.006503459707562997
-0.005501787285994975
-0.002032042624588967
0.002068095925407271
0.004847633315537725
0.005141784514343346
0.00302371299788567
-0.0003461718696378692
-0.003340915979472479
-0.004631617766174525
-0.003744776819740015
-0.001193772311445928
0.001822766933632322
0.003976567757425483
0.004356557984589907
0.002784080104039523
-0.0001981026621204166
-0.003610498165490995
-0.006441180770550997
-0.007995110503095206
-0.00806755423615697
-0.006912652501321453
-0.005062533836374657
-0.003096567381747239
-0.001455158257215244
-0.0003517536391768155
0.0002144224159378976
0.0003804652984107197
0.0003255425746705276
0.0001992439743296514
8.951550667083162e-005
2.63507415296108e-005
