5.799610453627406e-05
0.0002878666049946589
0.0005886931164652775
0.0003918106632666778
-0.000734724172144396
-0.001890608700342795
-0.001267468027814274
0.001024194296162097
0.001774959583520591
-0.001021290458682122
-0.003567201813007807
-0.000684238634992007
0.004610466490106429
0.003119281912671287
-0.005159103924030856
-0.006907914486275163
0.003956710509035851
0.01130795424092033
-0.0004840305079474608
-0.01575840152645123
-0.006131642311300722
0.01897543250098788
0.01643604956595172
-0.01938733058004306
-0.03121575781382312
0.01453296327891539
0.05220425157514642
0.0004393742480122943
-0.08631563836594036
-0.04328240110039046
0.1822713454247077
0.4093783549820359
0.4093783549820359
0.1822713454247077
-0.04328240110039046
-0.08631563836594036
0.0004393742480122943
0.05220425157514642
0.01453296327891539
-0.03121575781382312
-0.01938733058004306
0.01643604956595172
0.01897543250098788
-0.006131642311300722
-0.01575840152645123
-0.0004840305079474608
0.01130795424092033
0.003956710509035851
-0.006907914486275163
-0.005159103924030856
0.003119281912671287
0.004610466490106429
-0.000684238634992007
-0.003567201813007807
-0.001021290458682122
0.001774959583520591
0.001024194296162097
-0.001267468027814274
-0.001890608700342795
-0.000734724172144396
0.0003918106632666778
0.0005886931164652775
0.0002878666049946589
5.799610453627406e-05
