-1.548329156343424e-005
-3.468614915346375e-005
-7.072618376738834e-005
-0.0001279231655577992
-0.0002125962615016365
-0.0003309833606049154
-0.0004884926642326127
-0.0006887787040900066
-0.0009328275890949941
-0.001217971343424713
-0.001537089224646184
-0.001878086673735696
-0.002223720832137055
-0.002551939349611798
-0.00283681605338931
-0.00305002505296135
-0.003162871994263789
-0.003148780316431395
-0.002986006419999283
-0.002660358021731307
-0.002167667932196185
-0.001515696471396207
-0.0007251850550276377
0.0001701639791921461
0.00112492946868057
0.002084472069876551
0.002988609018005755
0.003776248399714415
0.004390606323963981
0.004784551861138335
0.004925574474066675
0.004799826142634717
0.004414724915552176
0.003799732696539454
0.003005063959058522
0.002098276706427108
0.001158917523096519
0.0002716119339254397
-0.0004818054120326676
-0.001030368419545988
-0.001321444041031411
-0.001326759249721519
-0.001046257362542894
-0.0005092381641034126
0.0002275112236030738
0.001084585706940496
0.001967479884807902
0.002776091402489985
0.003415293881318904
0.003805484369106032
0.003891940724610661
0.003651888325250262
0.00309836385083526
0.002280275766425376
0.001278453583007662
0.0001979145876847113
-0.0008429779740625819
-0.00172539536263998
-0.00234360664218803
-0.002617711808524634
-0.002504039337466353
-0.002001891251746849
-0.001155668709738435
-5.188880780524215e-005
0.001188830255923463
0.002424153528721406
0.003505577111735448
0.004295496931468019
0.004683889724172594
0.004602639650269654
0.00403570823614617
0.003023735441478184
0.001662233271486959
9.323313142500515e-005
-0.001508992117969667
-0.002956778682200905
-0.00407053441996464
-0.004700438031083448
-0.004745838815033231
-0.004169948864881414
-0.003007835608042881
-0.001366395510127558
0.0005841438100190997
0.00262668338555392
0.004520205736686322
0.006026906890519262
0.006940573427960818
0.007112957353940404
0.006474944434940458
0.005049731320176595
0.002955991339141368
0.0004000476299616808
-0.002342715783713506
-0.004955719251858241
-0.007115689206554868
-0.0085302360826509
-0.008974382263475888
-0.008321784492121603
-0.006566737063114155
-0.003833844165763821
-0.0003734477468179571
0.003457628258890148
0.007228851842948312
0.01047954418903694
0.01276914956508276
0.01372916245352415
0.01311118454623666
0.01082568303468288
0.006966708483441201
0.001819057472057177
-0.004153974108509604
-0.01034216815764403
-0.01603720338185622
-0.02049474710728919
-0.02300430423085673
-0.02296027008214921
-0.01992722807649808
-0.01369282299742137
-0.004302519540675645
0.007927861427119222
0.02242389400162544
0.0383883445312694
0.05485843471095379
0.07077985393310376
0.08509108957883867
0.09681053274530847
0.105118427452604
0.1094261105921359
0.1094261105921359
0.105118427452604
0.09681053274530847
0.08509108957883867
0.07077985393310376
0.05485843471095379
0.0383883445312694
0.02242389400162544
0.007927861427119222
-0.004302519540675645
-0.01369282299742137
-0.01992722807649808
-0.02296027008214921
-0.02300430423085673
-0.02049474710728919
-0.01603720338185622
-0.01034216815764403
-0.004153974108509604
0.001819057472057177
0.006966708483441201
0.01082568303468288
0.01311118454623666
0.01372916245352415
0.01276914956508276
0.01047954418903694
0.007228851842948312
0.003457628258890148
-0.0003734477468179571
-0.003833844165763821
-0.006566737063114155
-0.008321784492121603
-0.008974382263475888
-0.0085302360826509
-0.007115689206554868
-0.004955719251858241
-0.002342715783713506
0.0004000476299616808
0.002955991339141368
0.005049731320176595
0.006474944434940458
0.007112957353940404
0.006940573427960818
0.006026906890519262
0.004520205736686322
0.00262668338555392
0.0005841438100190997
-0.001366395510127558
-0.003007835608042881
-0.004169948864881414
-0.004745838815033231
-0.004700438031083448
-0.00407053441996464
-0.002956778682200905
-0.001508992117969667
9.323313142500515e-005
0.001662233271486959
0.003023735441478184
0.00403570823614617
0.004602639650269654
0.004683889724172594
0.004295496931468019
0.003505577111735448
0.002424153528721406
0.001188830255923463
-5.188880780524215e-005
-0.001155668709738435
-0.002001891251746849
-0.002504039337466353
-0.002617711808524634
-0.00234360664218803
-0.00172539536263998
-0.0008429779740625819
0.0001979145876847113
0.001278453583007662
0.002280275766425376
0.00309836385083526
0.003651888325250262
0.003891940724610661
0.003805484369106032
0.003415293881318904
0.002776091402489985
0.001967479884807902
0.001084585706940496
0.0002275112236030738
-0.0005092381641034126
-0.001046257362542894
-0.001326759249721519
-0.001321444041031411
-0.001030368419545988
-0.0004818054120326676
0.0002716119339254397
0.001158917523096519
0.002098276706427108
0.003005063959058522
0.003799732696539454
0.004414724915552176
0.004799826142634717
0.004925574474066675
0.004784551861138335
0.004390606323963981
0.003776248399714415
0.002988609018005755
0.002084472069876551
0.00112492946868057
0.0001701639791921461
-0.0007251850550276377
-0.001515696471396207
-0.002167667932196185
-0.002660358021731307
-0.002986006419999283
-0.003148780316431395
-0.003162871994263789
-0.00305002505296135
-0.00283681605338931
-0.002551939349611798
-0.002223720832137055
-0.001878086673735696
-0.001537089224646184
-0.001217971343424713
-0.0009328275890949941
-0.0006887787040900066
-0.0004884926642326127
-0.0003309833606049154
-0.0002125962615016365
-0.0001279231655577992
-7.072618376738834e-005
-3.468614915346375e-005
-1.548329156343424e-005
