1.095589288743767e-05
1.167719770269085e-05
1.704009246306359e-05
2.314059517716123e-05
2.955122739846667e-05
3.563382206556637e-05
4.041211552507266e-05
4.265610376045614e-05
4.078634761615032e-05
3.289555108915911e-05
1.678152160211492e-05
-1.006153913114839e-05
-5.03256480404537e-05
-0.0001068423624254509
-0.0001824548735553681
-0.0002798885735575503
-0.0004016084703422705
-0.0005496363453417305
-0.0007253833841621765
-0.0009294763480223785
-0.001161585856625955
-0.001420293070475881
-0.001702957171772991
-0.002005645080642751
-0.002323097952535974
-0.002648758468493568
-0.002974866746433008
-0.003292611498937153
-0.003592354311713047
-0.003863916852667174
-0.004096921328403448
-0.004281189625931021
-0.004407163960769954
-0.004466353702504654
-0.004451775024060771
-0.004358367536200063
-0.004183370475887201
-0.003926627338257898
-0.003590806594019917
-0.003181517881474416
-0.00270730521607466
-0.002179518006993844
-0.00161204233439841
-0.001020906433960511
-0.0004237627172771297
0.0001607368024011214
0.0007136459924012155
0.001216489832174478
0.001652053104421593
0.002005157384073513
0.002263392379983687
0.002417756244784884
0.002463178041442096
0.002398884173375507
0.002228586648156058
0.001960475141775197
0.001606999707993344
0.001184448225760025
0.0007123267008351067
0.0002125629967043159
-0.0002914315756328831
-0.0007758088544300563
-0.001217385659303261
-0.001594752920455523
-0.001889335566144663
-0.002086347428190426
-0.002175592215531548
-0.002152061621205584
-0.002016293987928403
-0.001774467350815312
-0.001438209346694124
-0.001024128278506919
-0.000553075583046369
-4.917124023180521e-05
0.000461366178167478
0.0009515318370180025
0.001394923103284389
0.001767135672461031
0.002047093492012818
0.002218238985098267
0.002269518981403202
0.002196103926808047
0.001999796502736181
0.001689096190581035
0.001278905446696724
0.0007898834296189756
0.0002474692311679602
-0.0003193814967678564
-0.0008796869717879749
-0.001402084032637615
-0.001856539736159163
-0.002216041119910847
-0.002458167753495628
-0.002566458049834399
-0.002531487970901587
-0.002351592047538879
-0.002033176951453419
-0.001590596394455645
-0.00104558009357935
-0.0004262356446030627
0.0002343372265988548
0.0008997532922849861
0.001532286200120551
0.002094949373053223
0.002553600977967191
0.002878957328975158
0.003048397820398461
0.003047453905403197
0.002870888572827542
0.00252329058719514
0.002019135718000188
0.001382291738319952
0.0006449771109230784
-0.0001537868820603095
-0.0009701617199963476
-0.001757817111707223
-0.002470478106455304
-0.003064557856609547
-0.003501730092615169
-0.003751295698531867
-0.003792201095680939
-0.003614583593845799
-0.003220738957733563
-0.002625435570564853
-0.001855534637184784
-0.0009489114039627674
4.728693575722957e-05
0.001078973260482203
0.002087934132266283
0.003014983574978873
0.003803294057152668
0.004401723338358875
0.004767950644337824
0.00487123939437901
0.004694656301226112
0.004236602281300942
0.003511541996380303
0.002549859290557978
0.001396812481554876
0.0001106101135364491
-0.001240320425863113
-0.002580753557771362
-0.00383261421878483
-0.004919257518806263
-0.005769857829244231
-0.00632366941881841
-0.006533919353239963
-0.006371103875967643
-0.005825481354900615
-0.004908592062328392
-0.003653678593649069
-0.002114936105473827
-0.0003655810408954978
0.001505211375654253
0.003396387017811805
0.005199939402590171
0.006806460146154217
0.008111048710547611
0.009019289183825257
0.009452985072426536
0.009355345482150331
0.008695331699895429
0.007470905102009585
0.005710964862837189
0.003475821130229621
0.0008561189358429326
-0.002029797497202287
-0.005040013498419868
-0.008014521156040691
-0.0107818307098335
-0.0131664377408432
-0.01499681770436744
-0.01611358429955419
-0.01637742827113208
-0.01567645449146331
-0.01393255267690295
-0.01110647391562053
-0.007201339609047639
-0.002264375741345487
0.003613253795405726
0.01029855537589048
0.01762070556524943
0.02537680284184187
0.03333914861154732
0.04126375904468267
0.04889974866631632
0.05599918179143124
0.06232696037198807
0.06767031211886196
0.07184745562739094
0.07471505421695529
0.07617412324852611
0.07617412324852611
0.07471505421695529
0.07184745562739094
0.06767031211886196
0.06232696037198807
0.05599918179143124
0.04889974866631632
0.04126375904468267
0.03333914861154732
0.02537680284184187
0.01762070556524943
0.01029855537589048
0.003613253795405726
-0.002264375741345487
-0.007201339609047639
-0.01110647391562053
-0.01393255267690295
-0.01567645449146331
-0.01637742827113208
-0.01611358429955419
-0.01499681770436744
-0.0131664377408432
-0.0107818307098335
-0.008014521156040691
-0.005040013498419868
-0.002029797497202287
0.0008561189358429326
0.003475821130229621
0.005710964862837189
0.007470905102009585
0.008695331699895429
0.009355345482150331
0.009452985072426536
0.009019289183825257
0.008111048710547611
0.006806460146154217
0.005199939402590171
0.003396387017811805
0.001505211375654253
-0.0003655810408954978
-0.002114936105473827
-0.003653678593649069
-0.004908592062328392
-0.005825481354900615
-0.006371103875967643
-0.006533919353239963
-0.00632366941881841
-0.005769857829244231
-0.004919257518806263
-0.00383261421878483
-0.002580753557771362
-0.001240320425863113
0.0001106101135364491
0.001396812481554876
0.002549859290557978
0.003511541996380303
0.004236602281300942
0.004694656301226112
0.00487123939437901
0.004767950644337824
0.004401723338358875
0.003803294057152668
0.003014983574978873
0.002087934132266283
0.001078973260482203
4.728693575722957e-05
-0.0009489114039627674
-0.001855534637184784
-0.002625435570564853
-0.003220738957733563
-0.003614583593845799
-0.003792201095680939
-0.003751295698531867
-0.003501730092615169
-0.003064557856609547
-0.002470478106455304
-0.001757817111707223
-0.0009701617199963476
-0.0001537868820603095
0.0006449771109230784
0.001382291738319952
0.002019135718000188
0.00252329058719514
0.002870888572827542
0.003047453905403197
0.003048397820398461
0.002878957328975158
0.002553600977967191
0.002094949373053223
0.001532286200120551
0.0008997532922849861
0.0002343372265988548
-0.0004262356446030627
-0.00104558009357935
-0.001590596394455645
-0.002033176951453419
-0.002351592047538879
-0.002531487970901587
-0.002566458049834399
-0.002458167753495628
-0.002216041119910847
-0.001856539736159163
-0.001402084032637615
-0.0008796869717879749
-0.0003193814967678564
0.0002474692311679602
0.0007898834296189756
0.001278905446696724
0.001689096190581035
0.001999796502736181
0.002196103926808047
0.002269518981403202
0.002218238985098267
0.002047093492012818
0.001767135672461031
0.001394923103284389
0.0009515318370180025
0.000461366178167478
-4.917124023180521e-05
-0.000553075583046369
-0.001024128278506919
-0.001438209346694124
-0.001774467350815312
-0.002016293987928403
-0.002152061621205584
-0.002175592215531548
-0.002086347428190426
-0.001889335566144663
-0.001594752920455523
-0.001217385659303261
-0.0007758088544300563
-0.0002914315756328831
0.0002125629967043159
0.0007123267008351067
0.001184448225760025
0.001606999707993344
0.001960475141775197
0.002228586648156058
0.002398884173375507
0.002463178041442096
0.002417756244784884
0.002263392379983687
0.002005157384073513
0.001652053104421593
0.001216489832174478
0.0007136459924012155
0.0001607368024011214
-0.0004237627172771297
-0.001020906433960511
-0.00161204233439841
-0.002179518006993844
-0.00270730521607466
-0.003181517881474416
-0.003590806594019917
-0.003926627338257898
-0.004183370475887201
-0.004358367536200063
-0.004451775024060771
-0.004466353702504654
-0.004407163960769954
-0.004281189625931021
-0.004096921328403448
-0.003863916852667174
-0.003592354311713047
-0.003292611498937153
-0.002974866746433008
-0.002648758468493568
-0.002323097952535974
-0.002005645080642751
-0.001702957171772991
-0.001420293070475881
-0.001161585856625955
-0.0009294763480223785
-0.0007253833841621765
-0.0005496363453417305
-0.0004016084703422705
-0.0002798885735575503
-0.0001824548735553681
-0.0001068423624254509
-5.03256480404537e-05
-1.006153913114839e-05
1.678152160211492e-05
3.289555108915911e-05
4.078634761615032e-05
4.265610376045614e-05
4.041211552507266e-05
3.563382206556637e-05
2.955122739846667e-05
2.314059517716123e-05
1.704009246306359e-05
1.167719770269085e-05
1.095589288743767e-05
